3 0 291
3 1 64
4 0 381
4 1 0
4 2 150
4 3 286
4 4 0
4 5 70
5 0 342
5 1 0
5 2 471
5 3 0
5 4 0
5 5 0
5 6 606
5 7 52
5 8 0
5 9 17
5 10 0
5 11 0
5 12 0
5 13 0
5 14 0
5 15 0
5 16 0
5 17 380
5 18 0
5 19 0
5 20 66
6 0 172
6 1 0
6 2 431
6 3 932
6 4 0
6 5 220
6 6 0
6 7 0
6 8 0
6 9 0
6 10 0
6 11 0
6 12 0
6 13 0
6 14 0
6 15 0
6 16 0
6 17 0
6 18 0
6 19 1191
6 20 321
6 21 0
6 22 262
6 23 0
6 24 34
6 25 0
6 26 0
6 27 0
6 28 0
6 29 0
6 30 327
6 31 0
6 32 52
6 33 0
6 34 0
6 35 0
6 36 0
6 37 0
6 38 0
6 39 0
6 40 0
6 41 0
6 42 0
6 43 0
6 44 0
6 45 0
6 46 0
6 47 0
6 48 0
6 49 0
6 50 0
6 51 0
6 52 0
6 53 0
6 54 0
6 55 0
6 56 0
6 57 0
6 58 0
6 59 0
6 60 0
6 61 0
6 62 0
6 63 0
6 64 0
6 65 0
6 66 0
6 67 0
6 68 0
6 69 0
6 70 0
6 71 0
6 72 0
6 73 0
6 74 0
6 75 0
6 76 0
6 77 0
6 78 0
6 79 0
6 80 0
6 81 0
6 82 790
6 83 50
6 84 0
6 85 16
6 86 0
6 87 0
6 88 0
6 89 0
6 90 0
6 91 0
6 92 0
6 93 0
6 94 0
6 95 0
6 96 0
6 97 0
6 98 0
6 99 0
6 100 0
6 101 0
6 102 0
6 103 0
6 104 0
6 105 0
6 106 0
6 107 420
6 108 0
6 109 0
6 110 0
6 111 55
